Precision: [0.99999448 1.        ]
Recall: [1.         0.99997693]
F1 Score: [0.99999724 0.99998847]

Precision: [0.99999448 1.        ]
Recall: [1.         0.99997693]
F1 Score: [0.99999724 0.99998847]